kinematics:
  shoulder:
    x: 0
    y: 0
    z: 0.16248112099477754
    roll: -0
    pitch: 0
    yaw: -7.2301444567490769e-08
  upper_arm:
    x: 9.7435845663181847e-05
    y: 0
    z: 0
    roll: 1.5694684664761365
    pitch: 0
    yaw: 1.1532899606654518e-06
  forearm:
    x: -0.42525123336852538
    y: 0
    z: 0
    roll: 3.1410519409192794
    pitch: 3.1398461787855556
    yaw: 3.1415922907289224
  wrist_1:
    x: -0.39232635021739354
    y: -0.0007505932790918883
    z: 0.13368592379641914
    roll: 0.0056145431826505662
    pitch: -0.0012656881259415402
    yaw: 5.3050758222489066e-06
  wrist_2:
    x: 5.6653754948141783e-05
    y: -0.099659133316184298
    z: 0.00016108684138092493
    roll: 1.5691799500943215
    pitch: 0
    yaw: 1.7900281803068241e-06
  wrist_3:
    x: 5.4267831550223807e-05
    y: 0.099531510943012796
    z: 5.2626365499869019e-05
    roll: 1.5713250674931645
    pitch: 3.1415926535897931
    yaw: -3.1415924283500432
  hash: calib_14596850214434243098